    PID   RSS
      1  9344
      2     0
      3     0
      4     0
      6     0
      8     0
      9     0
     10     0
     11     0
     12     0
     14     0
     15     0
     16     0
     17     0
     18     0
     19     0
     20     0
     21     0
     22     0
     23     0
     24     0
     70     0
     71     0
     72     0
     73     0
     74     0
     75     0
     76     0
     77     0
     78     0
     80     0
     81     0
     83     0
     84     0
     85     0
     86     0
     87     0
     88     0
     89     0
     91     0
     93     0
    102     0
    105     0
    118     0
    152     0
    197     0
    240     0
    241     0
    276     0
    314  8328
    337   576
    367  4636
    500     0
    501     0
    502     0
    503     0
    504 18000
    515     0
    517     0
    518     0
    536  2848
    593  3644
    595  7736
    630  5456
    633  2764
    635  4220
    642 11812
    643  3692
    645  2552
    646  3192
    650  6164
    652  5836
    655  2148
    660  2252
    663  2240
    667  1800
    692  4084
    698  2088
    717 12152
   1006     0
  57353     0
  57356     0
 110439     0
 110492 16392
 189243  6816
 189249  4828
 288957     0
 391159   596
 391169 100928
 391208 67932
 391232 53212
 397357  9764
 397440  6728
 397441  3560
 397494 112528
 397505 52780
 397526  9856
 397659  6116
 397660  3436
 397679 13612
 397719     0
 400671  5152
 400949   452
 400951   452
 416083     0
 433241     0
 433278   584
 433281   580
 433354   596
 433355  3172
 433358   580
 433360  3040
